3212
1926
1567
4990
640
4741
590
3447
2501
1903
2796
30
2875
3047
51
765
1041
173
746
1806
2587
2548
4590
3119
4075
2764
1636
3125
4535
3170
3892
4111
4978
1496
1771
2547
4498
2398
1985
681
3268
949
4199
862
971
4507
2433
4734
4380
2912
3018
1575
1511
509
767
73
2116
4066
4236
277
4663
2757
3241
1102
1724
1147
1632
3455
1435
1836
654
497
1856
1324
2465
4734
4548
2067
3676
2217
2434
823
1273
3135
1764
1845
4414
4849
1336
4367
3256
2442
2020
3858
2345
1784
1639
2313
996
368
400
4741
4500
2775
3811
4738
134
3131
3474
2581
3941
1500
2972
2285
1292
301
1331
998
651
1101
782
4024
3363
3495
2555
1543
1834
4019
3306
2608
4619
209
994
2143
3255
4456
2841
23
1381
113
4563
4459
4080
1099
745
1746
2511
85
3828
3495
3792
4688
1124
473
3130
3098
1987
2137
134
2365
1418
3446
2136
264
1702
2727
4962
3724
2097
1091
113
2625
3358
2368
2789
3580
396
1519
149
3073
1174
3235
3426
1789
4952
4091
363
145
3920
3178
702
174
1338
3456
1686
3412
4328
2612
1470
2256
4714
4107
4696
3021
557
3583
1000
2822
3231
2444
3316
280
809
1211
3095
4918
2574
4752
3791
4401
4532
1649
2033
4016
3806
3746
4911
435
4769
4849
1529
867
893
2380
4444
4784
992
1377
4367
3667
4104
313
4161
881
3868
2653
758
2470
3707
4505
3321
3213
4738
2708
831
4592
1296
1260
202
227
3473
3536
2073
2618
4898
2984
1896
1184
4958
4506
1170
4663
776
1140
3399
140
1140
3665
2985
360
1412
743
3595
4137
4738
282
4458
3995
4707
492
2002
3821
1940
3708
42
4736
3358
4550
4338
4051
3241
3743
4412
443
4803
3884
2817
398
412
4593
2782
3109
2745
1182
2649
4973
232
3762
4087
2513
1502
1514
4134
2631
4206
1850
4570
4782
3738
3749
1285
2843
1264
2514
2831
2635
4727
995
3523
2675
4206
550
1830
1045
2218
4734
1513
2554
1767
3158
4450
4716
2710
872
3130
368
4758
797
4044
251
3853
1611
1255
1601
1771
2030
4179
1923
1706
4326
1770
177
2776
1049
4586
2908
3359
1565
4945
1805
4181
618
4375
4570
4942
4754
1815
3166
2548
773
2602
3215
4251
3182
185
2847
3748
2025
2160
4105
3225
2855
1016
4367
797
3050
2592
948
2210
3551
3773
3163
248
34
1882
188
2309
2917
1575
3829
3910
4656
3383
525
4
2386
592
2558
4466
3327
4900
4371
2424
4404
4473
2229
3810
3416
4895
3425
2916
2672
4265
3242
498
3192
75
3109
200
2826
1876
3205
1003
4429
1993
3338
4423
1764
286
4026
1407
1091
2797
1634
269
2467
3251
3556
2178
1367
3331
233
1700
3934
1732
2541
4282
1754
3315
1470
391
518
1447
1799
1250
373
3858
2703
3838
3968
3683
4376
4613
148
829
1794
1540
691
130
2276
3465
271
748
3529
2425
2435
4319
1064
676
4172
2222
1947
2237
2426
27
3935
1643
3730
1882
2950
2464
4463
4824
2309
2810
1985
3153
308
215
2684
4844
4049
2053
1206
2927
408
3600
4935
1842
250
2536
2637
1369
3203
1676
4027
1945
4318
868
4314
4027
2416
2174
3041
1187
3014
1347
2437
2344
1177
1268
4438
3863
3010
2427
3215
2139
4272
3899
810
2535
2027
226
3337
4537
1320
426
3997
2542
2142
2506
1135
2763
2970
858
4451
175
2539
2748
560
3673
277
4974
1251
3925
3896
4323
2194
2303
3529
2640
3525
1073
3830
1990
865
2299
4871
3216
4914
2521
3127
777
1316
3075
1583
2171
1635
349
3880
4355
4588
2751
870
1144
3984
2551
4540
4006
4134
909
136
3016
3017
4382
1596
2286
3316
1358
4369
1596
660
113
2126
1617
2926
4534
2341
1619
4485
1650
307
4064
524
2770
4691
1654
103
2350
4031
3436
2388
206
4099
325
3486
1832
1072
1926
2643
4568
3281
1712
468
4218
4121
2924
2527
2984
3088
2611
3341
960
1106
448
2196
4062
3291
1185
431
2742
3130
433
3207
4332
3987
1652
2256
1000
2810
3896
1350
664
1085
3065
3698
594
536
4072
3542
4960
1978
2050
3624
807
1290
1664
4674
2288
329
442
2146
241
4605
3171
4761
692
2301
1418
4042
170
4654
3106
3000
1188
1279
552
386
329
3327
539
2866
4977
4170
3629
3776
4796
3657
1896
2256
4981
1464
1980
4887
4454
936
861
1978
3308
952
452
4202
3852
2616
1191
3207
2170
867
1682
2876
1446
3929
1459
4225
4320
3894
3233
2145
677
3323
4954
3346
65
3125
2976
2115
756
1927
4521
3721
3970
2026
4660
2363
962
4345
729
4650
4254
2143
2642
1530
4010
2707
1968
4851
4491
4372
4919
2691
735
4528
2491
2134
913
707
1468
4110
2125
2038
2303
1150
3846
3804
170
297
4804
3302
887
1311
2745
3007
1518
2282
493
1593
4597
4360
4532
632
3332
2379
4010
936
4118
3035
4178
466
3650
1892
4555
2104
990
3797
4860
261
2930
768
3566
2498
4175
3942
1839
492
2931
2348
4645
4579
768
3588
582
987
3775
1780
4582
3304
4788
732
4417
4271
3953
4505
3981
4423
84
3641
4516
110
3151
128
874
4575
845
4685
1875
977
2375
239
2535
4612
2879
846
3136
1229
4923
3531
2324
3678
4886
344
2588
3928
1821
1115
2297
4197
1920
2070
786
1710
4197
1930
4116
2598
1310
1078
1352
2909
2418
3767
3643
2704
897
4107
1217
2286
1012
3915
2546
336
3152
4868
4773
2275
1876
3029
1615
1595
1341
3012
3813
146
4783
1622
3196
341
2210
3417
247
3640
1184
4923
2068
3552
1638
4902
4028
1913
2354
4074
4101
2322
3923
9
3944
4593
1608
1637
3975
4961
1954
306
4854
3825
4693
930
1549
1600
3752
3225
3207
2949
4138
2777
3205
1368
3847
1846
3964
4392
